,rt_pid,gaze_pid,lips_pid,iteration
0,-3.92758598455,57.4000384022,-10.4204623977,1.0
0,-4.020264669,57.4,-10.42,2.0
0,-4.113764669,57.4,-10.42,3.0
0,-4.207264669,57.4,-21.7491564648,4.0
0,-4.300764669,57.4,2.81858394187,5.0
0,-4.394264669,57.4,-2.14604810276,6.0
0,-4.487764669,57.4,0.426717354577,7.0
0,-1.78815508266,57.4,0.24,8.0
0,-2.175764669,57.4,0.24,9.0
0,-2.209764669,57.4,0.24,10.0
0,-4.7183657349,57.4,0.24,11.0
0,-4.608764669,-5.14792846061,-0.0215244395566,12.0
0,-4.698264669,0.0,0.0,13.0
0,-4.787764669,0.0,0.0,14.0
0,-4.877264669,0.0,0.0,15.0
0,-2.25945787142,0.0,0.0,16.0
0,-1.20687725611,0.0,0.0,17.0
0,-1.476264669,0.0,0.0,18.0
0,-0.727634278566,0.0,0.0,19.0
0,-0.471118582545,0.0,0.0,20.0
0,-1.19835649826,0.0,0.0,21.0
0,-0.528436678355,0.0,0.0,22.0
0,-0.361679115247,0.0,0.0,23.0
0,-0.425264669,0.0,0.0,24.0
0,-0.404764669,0.0,0.0,25.0
0,-0.26572272335,0.0,0.0,26.0
0,-0.18962002559,0.0,0.0,27.0
0,-0.194264669,0.0,0.0,28.0
0,-0.455807145069,0.0,0.0,29.0
0,-0.963266978295,0.0,0.0,30.0
0,-0.820264669,0.0,0.0,31.0
0,-0.812764669,0.0,0.0,32.0
0,-1.80910134471,0.0,0.0,33.0
0,-0.663249872719,0.0,0.0,34.0
0,-0.873764669,0.0,0.0,35.0
0,-0.867764669,0.0,0.0,36.0
0,-1.90720903149,0.0,0.0,37.0
0,-0.717943497397,0.0,0.0,38.0
0,-0.934264669,0.0,0.0,39.0
0,-2.04030026375,0.0,0.0,40.0
0,-7.94630755731,0.99652514606,7.10289199851,41.0
0,-8.67562900679,-0.114600402135,14.1876628552,42.0
0,-8.808764669,-0.06,-1.15423370228,43.0
0,-8.987764669,-0.06,2.04558092491,44.0
0,-9.166764669,0.00327602412813,1.92,45.0
0,-9.345764669,0.0,-0.1048327721,46.0
0,-4.94108872384,0.0,0.109844998656,47.0
0,-2.99316774847,0.0,-0.0164508294376,48.0
0,-3.354764669,0.0,-0.0232901658875,49.0
0,-3.380764669,0.0,0.0265803317751,50.0
0,-5.21930008989,30.9528997872,-17.8604510582,51.0
0,-8.0428656876,27.94,-16.12,52.0
0,-7.992764669,27.94,-16.12,53.0
0,-8.125764669,27.94,1.10133896264,54.0
0,-8.258764669,27.94,0.0,55.0
0,-8.391764669,27.94,0.0,56.0
0,-8.524764669,27.94,0.0,57.0
0,-8.657764669,27.94,0.0,58.0
0,-8.790764669,27.94,0.0,59.0
0,-8.923764669,27.94,0.0,60.0
0,-9.056764669,27.94,0.0,61.0
0,-9.189764669,27.94,0.0,62.0
0,-10.7736391808,27.94,0.0,63.0
0,-10.862764669,27.94,0.0,64.0
0,-11.029264669,27.94,0.0,65.0
0,-11.195764669,27.94,0.0,66.0
0,-11.362264669,27.94,0.0,67.0
0,-11.528764669,27.94,0.0,68.0
0,-11.695264669,27.94,0.0,69.0
0,-11.861764669,27.94,0.0,70.0
0,-12.028264669,27.94,0.0,71.0
0,-12.194764669,27.94,0.0,72.0
0,-12.361264669,27.94,0.0,73.0
0,-12.527764669,27.94,0.0,74.0
0,-12.694264669,27.94,0.0,75.0
0,-13.572635994,27.94,0.0,76.0
0,-13.720264669,27.94,0.0,77.0
0,-14.2693542806,-1.44545219857,0.0,78.0
0,-14.443264669,1.53553186149,0.0,79.0
0,-14.634764669,-0.159670593622,0.0,80.0
0,-14.826264669,-0.08,0.0,81.0
0,-15.2114180822,0.00406818366,0.0,82.0
0,-15.398264669,0.0,0.0,83.0
0,-15.594264669,0.0,0.0,84.0
0,-15.790264669,0.0,0.0,85.0
0,-15.986264669,0.0,0.0,86.0
0,-16.182264669,0.0,0.0,87.0
0,-16.378264669,0.0,0.0,88.0
0,-16.574264669,0.0,0.0,89.0
0,-16.770264669,0.0,0.0,90.0
0,-12.0277294317,0.0,0.0,91.0
0,-12.521264669,0.0,0.0,92.0
0,-12.606764669,0.0,0.0,93.0
0,-12.692264669,0.0,0.0,94.0
0,-12.777764669,0.0,0.0,95.0
0,-12.863264669,0.0,0.0,96.0
0,-15.4336610484,0.0,0.0,97.0
0,-15.428264669,0.0,0.0,98.0
0,-15.570764669,0.0,0.0,99.0
