,rt,push,lips,right,gaze,iteration
0,1.46852029625,1.0,6.94852333929,0.0,-5.16749349572,0.0
0,1.47,1.0,6.95,0.0,-5.17,1.0
0,1.47,1.0,6.95,1.0,-5.17,2.0
0,1.47,1.0,-1.71,1.0,-5.17,3.0
0,1.47,1.0,-1.71,1.0,-5.17,4.0
0,0.98,1.0,-1.71,1.0,-5.17,5.0
0,0.98,1.0,-20.27,1.0,-5.17,6.0
0,0.98,1.0,-20.27,1.0,-5.17,7.0
0,0.98,1.0,-20.27,1.0,-5.17,8.0
0,0.98,1.0,14.86,0.0,-5.17,9.0
0,0.98,1.0,14.86,1.0,1.29,10.0
0,0.98,1.0,14.86,1.0,1.29,11.0
0,1.02,1.0,24.17,1.0,1.23,12.0
0,1.1,1.0,17.0,0.0,1.25,13.0
0,0.93,1.0,17.0,1.0,1.16,14.0
0,0.99,1.0,17.0,1.0,1.16,15.0
0,0.99,1.0,12.73,1.0,1.11,16.0
0,0.99,1.0,-2.35,1.0,1.09,17.0
0,0.99,1.0,49.23,1.0,1.06,18.0
0,0.94,1.0,49.62,1.0,1.06,19.0
0,0.94,1.0,-14.03,1.0,0.94,20.0
0,0.95,1.0,50.0,1.0,1.01,21.0
0,0.95,1.0,0.9,1.0,1.01,22.0
0,0.95,1.0,25.45,1.0,0.93,23.0
0,0.95,1.0,-2.63,1.0,0.92,24.0
0,0.95,1.0,0.0,1.0,0.88,25.0
0,0.95,1.0,-35.94,1.0,0.87,26.0
0,0.96,1.0,0.0,1.0,0.9,27.0
0,0.95,1.0,-21.8,1.0,1.0,28.0
0,0.96,1.0,50.0,1.0,1.0,29.0
0,0.96,1.0,50.0,1.0,0.76,30.0
0,0.96,1.0,-11.04,1.0,0.81,31.0
0,0.96,1.0,-30.52,1.0,0.91,32.0
0,0.96,1.0,0.0,1.0,1.14,33.0
0,0.96,1.0,0.0,1.0,1.67,34.0
0,0.96,1.0,-44.04,1.0,0.49,35.0
0,0.96,1.0,0.0,0.0,0.93,36.0
0,0.96,1.0,0.0,1.0,1.38,37.0
0,0.96,1.0,-24.24,0.0,0.44,38.0
0,0.96,1.0,-24.24,1.0,1.15,39.0
0,0.96,1.0,0.0,1.0,-0.47,40.0
0,0.95,1.0,-20.24,1.0,-0.47,41.0
0,0.95,1.0,0.0,1.0,-1.49,42.0
0,0.95,1.0,0.0,1.0,-1.49,43.0
0,0.95,1.0,25.0,0.0,0.62,44.0
0,0.95,1.0,21.36,1.0,0.05,45.0
0,0.97,1.0,21.36,1.0,-0.66,46.0
0,0.97,1.0,21.36,1.0,0.81,47.0
0,0.97,1.0,21.36,1.0,0.22,48.0
0,0.96,1.0,27.33,1.0,0.22,49.0
0,0.96,1.0,27.33,0.0,0.95,50.0
0,0.98,1.0,26.7,1.0,0.37,51.0
0,0.98,1.0,26.46,1.0,0.37,52.0
0,0.98,1.0,26.46,1.0,0.37,53.0
0,0.97,1.0,25.23,0.0,0.37,54.0
0,0.97,1.0,25.23,1.0,0.53,55.0
0,0.99,1.0,25.44,0.0,0.53,56.0
0,0.99,1.0,25.44,1.0,0.53,57.0
0,0.99,1.0,24.81,1.0,0.49,58.0
0,0.97,1.0,24.72,1.0,0.49,59.0
0,0.95,1.0,24.35,1.0,0.47,60.0
0,0.91,1.0,24.02,1.0,0.48,61.0
0,0.91,1.0,24.02,0.0,0.44,62.0
0,0.91,1.0,24.02,1.0,0.44,63.0
0,0.91,1.0,22.8,0.0,0.46,64.0
0,0.83,1.0,23.55,1.0,0.4,65.0
0,0.83,1.0,22.78,1.0,0.41,66.0
0,0.83,1.0,23.3,1.0,0.44,67.0
0,0.66,1.0,24.16,1.0,0.37,68.0
0,0.66,1.0,26.27,1.0,0.39,69.0
0,0.66,1.0,31.24,1.0,0.39,70.0
0,0.66,1.0,29.2,1.0,0.39,71.0
0,0.66,1.0,14.99,1.0,0.28,72.0
0,1.05,1.0,26.68,1.0,0.37,73.0
0,0.96,1.0,26.68,0.0,0.37,74.0
0,1.07,1.0,20.74,1.0,0.31,75.0
0,1.12,1.0,23.23,0.0,0.31,76.0
0,1.12,1.0,23.23,1.0,0.3,77.0
0,1.12,1.0,23.23,1.0,0.3,78.0
0,1.12,1.0,23.23,1.0,0.32,79.0
0,1.12,1.0,26.68,1.0,0.26,80.0
0,1.3,1.0,34.65,0.0,0.28,81.0
0,1.3,1.0,34.65,0.0,0.26,82.0
0,1.01,1.0,18.5,1.0,0.25,83.0
0,1.09,1.0,26.3,1.0,0.25,84.0
0,1.19,1.0,36.25,1.0,0.24,85.0
0,1.19,1.0,50.0,1.0,0.24,86.0
0,1.0,1.0,13.83,1.0,0.24,87.0
0,1.0,1.0,13.83,1.0,0.22,88.0
0,1.01,1.0,10.87,1.0,0.22,89.0
0,1.0,1.0,17.63,1.0,0.23,90.0
0,0.99,1.0,15.13,1.0,0.26,91.0
0,0.97,1.0,19.77,1.0,0.19,92.0
0,0.97,1.0,19.77,1.0,0.21,93.0
0,0.97,1.0,16.59,0.0,0.24,94.0
0,1.01,1.0,16.59,0.0,0.24,95.0
0,1.0,1.0,16.59,1.0,0.24,96.0
0,0.99,1.0,16.59,1.0,0.17,97.0
0,1.01,1.0,16.25,1.0,0.18,98.0
0,1.02,1.0,16.25,0.0,0.16,99.0
