,verbal,physical,level,iteration
0,2,2,1,1
0,2,2,1,2
0,2,2,1,3
0,2,2,1,4
0,2,2,1,5
0,2,2,1,6
0,2,2,1,7
0,2,2,1,8
0,2,2,1,9
0,2,2,1,10
0,2,2,1,11
0,2,2,1,12
0,2,2,1,13
0,2,2,1,14
0,2,2,1,15
0,2,2,1,16
0,2,2,1,17
0,2,2,1,18
0,2,2,1,19
0,2,2,1,20
0,2,2,1,21
0,2,2,1,22
0,2,2,1,23
0,2,2,1,24
0,2,2,1,25
0,2,2,1,26
0,2,2,1,27
0,2,2,1,28
0,2,2,1,29
0,2,2,1,30
0,2,2,1,31
0,2,2,1,32
0,2,2,1,33
0,2,2,1,34
0,2,2,1,35
0,2,2,1,36
0,2,2,1,37
0,2,2,1,38
0,2,2,1,39
0,2,2,1,40
0,2,2,1,41
0,2,2,1,42
0,2,2,1,43
0,2,2,1,44
0,2,2,1,45
0,2,2,1,46
0,2,2,1,47
0,2,2,1,48
0,2,2,1,49
0,2,2,1,50
0,2,2,1,51
0,2,2,1,52
0,2,2,1,53
0,0,0,2,54
0,0,0,2,55
0,0,0,2,56
0,0,0,2,57
0,0,0,2,58
0,1,1,0,59
0,0,0,2,60
0,0,0,2,61
0,0,0,2,62
0,1,1,0,63
0,0,0,2,64
0,0,0,2,65
0,2,2,1,66
0,2,2,1,67
0,2,2,1,68
0,2,2,1,69
0,2,2,1,70
0,2,2,1,71
0,1,1,0,72
0,0,0,1,73
0,0,0,1,74
0,0,0,1,75
0,0,0,1,76
0,0,0,1,77
0,1,1,0,78
0,0,0,1,79
0,0,0,1,80
0,1,1,0,81
0,0,0,1,82
0,0,0,1,83
0,1,1,0,84
0,0,0,2,85
0,0,0,2,86
0,0,0,2,87
0,0,0,2,88
0,1,1,0,89
0,0,0,2,90
0,0,0,2,91
0,0,0,2,92
0,0,0,2,93
0,0,0,2,94
0,0,0,2,95
0,0,0,2,96
0,0,0,2,97
0,1,1,0,98
0,1,1,0,99
